================================================================================
COMPREHENSIVE PRI CORRELATION ANALYSIS REPORT
================================================================================
Generated: 2025-05-27 23:23:11
Total participants analyzed: 965
PRI metrics included: 11

SUMMARY STATISTICS
----------------------------------------
Duration_seconds         : n= 965, mean=2924.829, std=2100.489, range=[0.000, 39360.000]
LowQualityTag_Perc       : n= 965, mean=0.168, std=0.161, range=[0.000, 0.941]
UniversalDisagreement_Perc: n= 965, mean=0.012, std=0.031, range=[0.000, 0.200]
ASC_Score_Raw            : n= 957, mean=0.326, std=0.139, range=[0.000, 1.000]
Duration_Norm            : n= 965, mean=0.514, std=0.219, range=[0.000, 1.000]
LowQualityTag_Norm       : n= 965, mean=0.822, std=0.171, range=[0.000, 1.000]
UniversalDisagreement_Norm: n= 965, mean=0.938, std=0.156, range=[0.000, 1.000]
ASC_Norm                 : n= 957, mean=0.674, std=0.139, range=[0.000, 1.000]
PRI_Score_Heuristic      : n= 957, mean=0.724, std=0.109, range=[0.215, 0.980]
PRI_Score                : n= 957, mean=0.724, std=0.109, range=[0.215, 0.980]
PRI_Scale_1_5            : n= 957, mean=3.897, std=0.435, range=[1.860, 4.920]

PEARSON CORRELATION MATRIX
----------------------------------------
Correlations (sample sizes in parentheses)

Metric                     Duration_sec  LowQualityTa  UniversalDis  ASC_Score_Ra  Duration_Nor  LowQualityTa  UniversalDis      ASC_Norm  PRI_Score_He     PRI_Score  PRI_Scale_1_
-----------------------------------------------------------------------------------------------------------------------------------------------------------------------------------
Duration_seconds          1.000(965) -0.152(965) -0.064(965) -0.033(957)  0.723(965)  0.152(965)  0.064(965)  0.033(957)  0.527(957)  0.527(957)  0.527(957) 
LowQualityTag_Perc       -0.152(965)  1.000(965)  0.378(965) -0.051(957) -0.257(965) -1.000(965) -0.378(965)  0.051(957) -0.721(957) -0.721(957) -0.721(957) 
UniversalDisagreement_Perc-0.064(965)  0.378(965)  1.000(965) -0.003(957) -0.096(965) -0.378(965) -1.000(965)  0.003(957) -0.529(957) -0.529(957) -0.529(957) 
ASC_Score_Raw            -0.033(957) -0.051(957) -0.003(957)  1.000(957) -0.026(957)  0.051(957)  0.003(957) -1.000(957) -0.246(957) -0.246(957) -0.246(957) 
Duration_Norm             0.723(965) -0.257(965) -0.096(965) -0.026(957)  1.000(965)  0.257(965)  0.096(965)  0.026(957)  0.753(957)  0.753(957)  0.753(957) 
LowQualityTag_Norm        0.152(965) -1.000(965) -0.378(965)  0.051(957)  0.257(965)  1.000(965)  0.378(965) -0.051(957)  0.721(957)  0.721(957)  0.721(957) 
UniversalDisagreement_Norm 0.064(965) -0.378(965) -1.000(965)  0.003(957)  0.096(965)  0.378(965)  1.000(965) -0.003(957)  0.529(957)  0.529(957)  0.529(957) 
ASC_Norm                  0.033(957)  0.051(957)  0.003(957) -1.000(957)  0.026(957) -0.051(957) -0.003(957)  1.000(957)  0.246(957)  0.246(957)  0.246(957) 
PRI_Score_Heuristic       0.527(957) -0.721(957) -0.529(957) -0.246(957)  0.753(957)  0.721(957)  0.529(957)  0.246(957)  1.000(957)  1.000(957)  1.000(957) 
PRI_Score                 0.527(957) -0.721(957) -0.529(957) -0.246(957)  0.753(957)  0.721(957)  0.529(957)  0.246(957)  1.000(957)  1.000(957)  1.000(957) 
PRI_Scale_1_5             0.527(957) -0.721(957) -0.529(957) -0.246(957)  0.753(957)  0.721(957)  0.529(957)  0.246(957)  1.000(957)  1.000(957)  1.000(957) 

SPEARMAN CORRELATION MATRIX
----------------------------------------
Correlations (p-values in parentheses)

Metric                     Duration_sec  LowQualityTa  UniversalDis  ASC_Score_Ra  Duration_Nor  LowQualityTa  UniversalDis      ASC_Norm  PRI_Score_He     PRI_Score  PRI_Scale_1_
-----------------------------------------------------------------------------------------------------------------------------------------------------------------------------------
Duration_seconds          1.000(0.000) -0.269(0.000) -0.094(0.003) -0.018(0.577)  1.000(0.000)  0.269(0.000)  0.094(0.003)  0.018(0.577)  0.791(0.000)  0.791(0.000)  0.791(0.000) 
LowQualityTag_Perc       -0.269(0.000)  1.000(0.000)  0.270(0.000) -0.039(0.230) -0.269(0.000) -1.000(0.000) -0.270(0.000)  0.039(0.230) -0.629(0.000) -0.629(0.000) -0.629(0.000) 
UniversalDisagreement_Perc-0.094(0.003)  0.270(0.000)  1.000(0.000)  0.019(0.551) -0.094(0.003) -0.270(0.000) -1.000(0.000) -0.019(0.551) -0.424(0.000) -0.424(0.000) -0.424(0.000) 
ASC_Score_Raw            -0.018(0.577) -0.039(0.230)  0.019(0.551)  1.000(0.000) -0.018(0.575)  0.039(0.230) -0.019(0.551) -1.000(0.000) -0.269(0.000) -0.269(0.000) -0.269(0.000) 
Duration_Norm             1.000(0.000) -0.269(0.000) -0.094(0.003) -0.018(0.575)  1.000(0.000)  0.269(0.000)  0.094(0.003)  0.018(0.575)  0.791(0.000)  0.791(0.000)  0.791(0.000) 
LowQualityTag_Norm        0.269(0.000) -1.000(0.000) -0.270(0.000)  0.039(0.230)  0.269(0.000)  1.000(0.000)  0.270(0.000) -0.039(0.230)  0.629(0.000)  0.629(0.000)  0.629(0.000) 
UniversalDisagreement_Norm 0.094(0.003) -0.270(0.000) -1.000(0.000) -0.019(0.551)  0.094(0.003)  0.270(0.000)  1.000(0.000)  0.019(0.551)  0.424(0.000)  0.424(0.000)  0.424(0.000) 
ASC_Norm                  0.018(0.577)  0.039(0.230) -0.019(0.551) -1.000(0.000)  0.018(0.575) -0.039(0.230)  0.019(0.551)  1.000(0.000)  0.269(0.000)  0.269(0.000)  0.269(0.000) 
PRI_Score_Heuristic       0.791(0.000) -0.629(0.000) -0.424(0.000) -0.269(0.000)  0.791(0.000)  0.629(0.000)  0.424(0.000)  0.269(0.000)  1.000(0.000)  1.000(0.000)  1.000(0.000) 
PRI_Score                 0.791(0.000) -0.629(0.000) -0.424(0.000) -0.269(0.000)  0.791(0.000)  0.629(0.000)  0.424(0.000)  0.269(0.000)  1.000(0.000)  1.000(0.000)  1.000(0.000) 
PRI_Scale_1_5             0.791(0.000) -0.629(0.000) -0.424(0.000) -0.269(0.000)  0.791(0.000)  0.629(0.000)  0.424(0.000)  0.269(0.000)  1.000(0.000)  1.000(0.000)  1.000(0.000) 

KEY FINDINGS
----------------------------------------
Strongest correlations (|r| > 0.3):
  PRI_Score_Heuristic ↔ PRI_Scale_1_5: r=1.000 (very strong positive)
  PRI_Score_Heuristic ↔ PRI_Score: r=1.000 (very strong positive)
  Duration_Norm ↔ PRI_Score_Heuristic: r=0.753 (strong positive)
  Duration_Norm ↔ PRI_Score: r=0.753 (strong positive)
  Duration_Norm ↔ PRI_Scale_1_5: r=0.753 (strong positive)
  LowQualityTag_Perc ↔ PRI_Scale_1_5: r=-0.721 (strong negative)
  LowQualityTag_Perc ↔ PRI_Score_Heuristic: r=-0.721 (strong negative)
  LowQualityTag_Perc ↔ PRI_Score: r=-0.721 (strong negative)
  LowQualityTag_Norm ↔ PRI_Scale_1_5: r=0.721 (strong positive)
  LowQualityTag_Norm ↔ PRI_Score_Heuristic: r=0.721 (strong positive)


================================================================================